1 13552U 82092A   24227.31877523  .00154523  00000+0  10260-2 0  9990
2 13552  82.5521 180.3317 0015641 113.6290 246.6618 15.74838765297828
1 49527U 82092Q   24227.53814287  .00072871  00000+0  56570-2 0  9992
2 49527  82.3790 319.1361 0325608 253.4675 103.0535 14.67543018143563
1 49537U 82092AA  24227.53952907  .00030851  00000+0  11801-2 0  9995
2 49537  82.5483 235.8322 0107701 215.9829 143.4125 15.21085112150740
1 49539U 82092AC  24227.56027699  .00082002  00000+0  50436-2 0  9993
2 49539  82.1853 297.8615 0264008 277.6669  79.4639 14.85115225143280
1 49619U 82092DL  24227.37795932  .00257240  00000+0  15112-1 0  9992
2 49619  81.9545 263.0415 0261826 282.4847  74.7191 14.86412163143546
1 50032U 82092RU  24227.36627440  .00010458  00000+0  27032-3 0  9994
2 50032  82.5662 193.5452 0019003 161.6452 198.5484 15.38762700151216
1 50058U 82092SW  24227.43063341  .00027396  00000+0  68609-3 0  9998
2 50058  82.6155 207.4677 0030892  80.0687 280.4043 15.39424045152816
1 50123U 82092VP  24227.61619230  .00197749  00000+0  10213-2 0  9992
2 50123  82.5500 180.2210 0009220  78.2707 281.9595 15.80509290154346
1 50351U 82092ABM 24227.77333754  .00052495  00000+0  16055-2 0  9994
2 50351  82.5163 239.0908 0111453 237.1876 121.8592 15.27649796150359
1 50363U 82092ABZ 24227.36437264  .00226039  00000+0  28842-2 0  9997
2 50363  82.4044 198.4915 0044773 188.5858 171.4637 15.57339444148913
1 50404U 82092ADS 24227.30164063  .00062835  00000+0  62184-2 0  9990
2 50404  82.2455 324.2169 0402945 336.6036  21.7253 14.46221004140255
1 50578U 82092AJW 24227.38006710  .00227219  00000+0  15332-2 0  9996
2 50578  82.7011 210.9268 0017463  94.9165 265.4094 15.74236693149436
1 50621U 82092ALR 24227.42004458  .00025281  00000+0  73966-3 0  9990
2 50621  82.5775 210.4649 0049308 113.6116 247.0315 15.33874562147568
1 50689U 82092APM 24227.31740761  .00075357  00000+0  10847-2 0  9993
2 50689  82.5098 184.2153 0034944  23.6852 336.6000 15.55032103147551
1 50730U 82092ARE 24227.61616067  .00173363  00000+0  11720-2 0  9991
2 50730  82.5521 185.9593 0013469  82.6633 277.6161 15.74417225148563
1 51184U 82092AZJ 24227.44265087  .00052185  00000+0  83356-3 0  9991
2 51184  82.4921 180.0706 0018354  32.8174 327.4214 15.52772969145539
1 51225U 82092BBB 24227.57696010  .00122805  00000+0  10484-2 0  9993
2 51225  82.4563 179.8739 0035584 146.6742 213.6770 15.68258837146251
1 51435U 82092BKH 24227.22419864  .00075138  00000+0  16398-2 0  9994
2 51435  82.5528 211.1085 0052423 133.2149 227.3495 15.42435532142976
1 51579U 82092BNG 24227.34173384  .00176612  00000+0  17760-2 0  9993
2 51579  82.4828 189.2789 0030282 125.8064 234.6016 15.64299589143510
1 51582U 82092BNK 24226.92245393  .00143173  00000+0  17693-2 0  9991
2 51582  82.5527 208.5606 0044765 114.1227 246.4720 15.58420704143169
1 52066U 82092BUU 24227.47465713  .00059992  00000+0  22328-2 0  9996
2 52066  82.5125 245.8420 0127013 273.0029  85.6678 15.19914747135227